[gd_scene load_steps=5 format=2]

[ext_resource path="res://Scenes/Zetrix/PortScreen.gd" type="Script" id=1]

[sub_resource type="StandardMaterial3D" id=1]

[sub_resource type="PlaneMesh" id=2]

[sub_resource type="CapsuleMesh" id=3]

[node name="PortScreen" type="Node3D"]
script = ExtResource( 1 )

[node name="ScreenMesh" type="MeshInstance3D" parent="."]
transform = Transform3D( 19.2, 0, 0, 0, -4.37114e-08, 10.8, 0, 1, 4.72083e-07, 0, 0, 0 )
layers = 2
material_override = SubResource( 1 )
mesh = SubResource( 2 )
material/0 = null

[node name="LeftCopsol" type="CSGMesh3D" parent="."]
transform = Transform3D( 0.866025, 0, 0.5, 0, 1, 0, -0.5, 0, 0.866025, -19, 0, 7 )
layers = 2
mesh = SubResource( 3 )

[node name="LeftCopsol2" type="CSGMesh3D" parent="."]
transform = Transform3D( 0.866025, 0, 0.5, 0, 1, 0, -0.5, 0, 0.866025, -19, 0, 10 )
layers = 2
mesh = SubResource( 3 )

[node name="LeftCopsol3" type="CSGMesh3D" parent="."]
transform = Transform3D( 0.866025, 0, 0.5, 0, 1, 0, -0.5, 0, 0.866025, -19, 2, 9 )
layers = 2
mesh = SubResource( 3 )

[node name="DirectionalLight3D" type="DirectionalLight3D" parent="."]
transform = Transform3D( 0.5, -0.612372, 0.612373, 0, 0.707107, 0.707107, -0.866025, -0.353553, 0.353553, 0, 0, 14 )
visible = false
layers = 2
light_energy = 0.0
